[gd_scene load_steps=2 format=2]

[ext_resource path="res://quaternius/RPG Characters/GLB/Cleric.glb" type="PackedScene" id=1]

[node name="Cleric" instance=ExtResource( 1 )]

[node name="Skeleton" parent="CharacterArmature" index="0"]
bones/5/bound_children = [ NodePath("BoneAttachment3") ]
bones/7/bound_children = [ NodePath("BoneAttachment") ]
bones/22/bound_children = [ NodePath("BoneAttachment2") ]

[node name="BoneAttachment" parent="CharacterArmature/Skeleton" index="0"]
transform = Transform( 1, 6.12512e-12, -0.000550203, -6.16702e-05, 0.993699, -0.112086, 0.000546736, 0.112086, 0.993698, -0.000638377, 2.09957, 0.0809259 )

[node name="BoneAttachment2" parent="CharacterArmature/Skeleton" index="1"]
transform = Transform( -0.0610308, -0.0750185, -0.995313, -0.361523, -0.927803, 0.0920982, -0.930363, 0.365449, 0.029504, -0.621624, 0.991996, 0.163334 )

[node name="Cleric_Staff" parent="CharacterArmature/Skeleton/BoneAttachment2" index="0"]
visible = false

[node name="HandPosition" type="Position3D" parent="CharacterArmature/Skeleton/BoneAttachment2" index="1"]

[node name="BoneAttachment3" parent="CharacterArmature/Skeleton" index="2"]
transform = Transform( 1, -2.85283e-12, -6.08689e-07, -1.11867e-07, 0.982966, -0.183788, 5.98322e-07, 0.183788, 0.982966, -0.000638377, 1.53741, -0.0145075 )

[node name="AnimationPlayer" parent="." index="1"]
autoplay = "Idle"
