[gd_scene load_steps=2 format=2]

[ext_resource path="res://quaternius/RPG Characters/GLB/Ranger/Ranger.glb" type="PackedScene" id=1]

[node name="Ranger" instance=ExtResource( 1 )]

[node name="Skeleton" parent="CharacterArmature" index="0"]
transform = Transform( 0.5, 0, 0, 0, 0.5, 0, 0, 0, 0.5, 0, 0, 0 )
bones/4/bound_children = [ NodePath("BoneAttachment5") ]
bones/7/bound_children = [ NodePath("BoneAttachment") ]
bones/10/bound_children = [ NodePath("BoneAttachment2") ]
bones/18/bound_children = [ NodePath("BoneAttachment4") ]
bones/22/bound_children = [ NodePath("BoneAttachment3") ]

[node name="BoneAttachment" parent="CharacterArmature/Skeleton" index="0"]
transform = Transform( 1, 6.03275e-12, -0.000550203, -6.16703e-05, 0.993699, -0.112086, 0.000546736, 0.112086, 0.993698, -0.000638377, 2.09957, 0.0809259 )

[node name="BoneAttachment2" parent="CharacterArmature/Skeleton" index="1"]
transform = Transform( 0.065625, -0.0215304, 0.997612, 0.365872, -0.929618, -0.0441308, 0.928348, 0.367895, -0.0531287, 0.448513, 1.47772, -0.0164754 )

[node name="BoneAttachment3" parent="CharacterArmature/Skeleton" index="2"]
transform = Transform( -0.0120403, 0.0499735, -0.998678, -0.366441, -0.929489, -0.0420933, -0.930364, 0.365449, 0.0295038, -0.504831, 0.959196, 0.163334 )

[node name="HandPosition" type="Position3D" parent="CharacterArmature/Skeleton/BoneAttachment3" index="1"]

[node name="BoneAttachment4" parent="CharacterArmature/Skeleton" index="3"]
transform = Transform( -0.0138438, -0.0363329, -0.999244, -0.349705, -0.936053, 0.0388803, -0.936758, 0.349978, 0.000253022, -0.477775, 1.48908, -0.014538 )

[node name="BoneAttachment5" parent="CharacterArmature/Skeleton" index="4"]
transform = Transform( 1, 2.76401e-11, 1.05598e-06, 2.48259e-07, 0.971966, -0.235124, -1.02638e-06, 0.235125, 0.971965, -0.000638377, 1.22128, -0.0909824 )
