[gd_scene load_steps=2 format=2]

[ext_resource path="res://quaternius/RPG Characters/GLB/Warrior/Warrior.glb" type="PackedScene" id=1]

[node name="Warrior" instance=ExtResource( 1 )]

[node name="CharacterArmature" parent="." index="0"]
transform = Transform( 0.5, 0, 0, 0, 0.5, 0, 0, 0, 0.5, 0, 0, 0 )

[node name="Skeleton" parent="CharacterArmature" index="0"]
bones/7/bound_children = [ NodePath("BoneAttachment") ]
bones/9/bound_children = [ NodePath("BoneAttachment2") ]
bones/17/bound_children = [ NodePath("BoneAttachment4") ]
bones/22/bound_children = [ NodePath("BoneAttachment3") ]

[node name="BoneAttachment" parent="CharacterArmature/Skeleton" index="0"]
transform = Transform( 1, 6.03275e-12, -0.000550203, -6.16703e-05, 0.993699, -0.112086, 0.000546736, 0.112086, 0.993698, -0.000638377, 2.09957, 0.0809259 )

[node name="BoneAttachment2" parent="CharacterArmature/Skeleton" index="1"]
transform = Transform( 0.538314, 0.328828, 0.775945, 0.0530737, -0.932136, 0.358198, 0.841071, -0.151641, -0.519234, 0.319536, 1.84333, 0.0430032 )

[node name="BoneAttachment3" parent="CharacterArmature/Skeleton" index="2"]
transform = Transform( -0.0120403, 0.0499735, -0.998678, -0.366441, -0.929489, -0.0420933, -0.930364, 0.365449, 0.0295038, -0.504831, 0.959196, 0.163334 )

[node name="HandPosition" type="Position3D" parent="CharacterArmature/Skeleton/BoneAttachment3" index="1"]

[node name="BoneAttachment4" parent="CharacterArmature/Skeleton" index="3"]
transform = Transform( 0.493357, -0.403431, -0.770612, -0.0796828, -0.903174, 0.421816, -0.866169, -0.146701, -0.477733, -0.319536, 1.84333, 0.0430032 )
